using seed: 1

ROUND 1
Dealer turn
3 4 9 5 7 10 8 7 10 8 1 2 1 7 1 6 9 10 6 2 5 3 7 10 9 4 9 1 11 11 11 4 5 6 11 12 4 3 5 2 2 12 8 8 12 12 13 13 13 6 3 13 
Player 1
HAND 3 7
WIN no
DECK 10 8 7 10 8 1 2 1 7 1 6 9 10 6 2 5 3 7 10 9 4 9 1 11 11 11 4 5 6 11 12 4 3 5 2 2 12 8 8 12 12 13 13 13 6 3 13 0 0 0 0 
Player 2
HAND 4 10
WIN no
DECK 8 7 10 8 1 2 1 7 1 6 9 10 6 2 5 3 7 10 9 4 9 1 11 11 11 4 5 6 11 12 4 3 5 2 2 12 8 8 12 12 13 13 13 6 3 13 0 0 0 0 7 
Player 3
HAND 9 8
WIN no
DECK 7 10 8 1 2 1 7 1 6 9 10 6 2 5 3 7 10 9 4 9 1 11 11 11 4 5 6 11 12 4 3 5 2 2 12 8 8 12 12 13 13 13 6 3 13 0 0 0 0 7 4 

ROUND 2
Dealer turn
6 7 8 9 11 8 4 4 12 12 10 1 1 5 7 11 2 12 11 7 4 10 6 13 12 5 2 8 13 13 6 3 9 11 3 13 2 9 10 1 2 0 5 3 0 0 0 7 4 1 6 9 
Player 2
HAND 7 11
WIN no
DECK 8 4 4 12 12 10 1 1 5 7 11 2 12 11 7 4 10 6 13 12 5 2 8 13 13 6 3 9 11 3 13 2 9 10 1 2 0 5 3 0 0 0 7 4 1 6 9 3 10 8 5 
Player 3
HAND 8 8
WIN yes
DECK 4 4 12 12 10 1 1 5 7 11 2 12 11 7 4 10 6 13 12 5 2 8 13 13 6 3 9 11 3 13 2 9 10 1 2 0 5 3 0 0 0 7 4 1 6 9 3 10 8 5 11 

ROUND 3
Dealer turn
12 10 0 13 11 5 13 6 3 3 4 1 12 3 4 13 1 0 13 1 12 2 9 0 2 7 10 12 0 7 4 4 5 8 1 6 11 11 6 5 10 9 9 2 3 10 8 5 11 2 7 8 
Player 3
HAND 0 11
WIN no
DECK 5 13 6 3 3 4 1 12 3 4 13 1 0 13 1 12 2 9 0 2 7 10 12 0 7 4 4 5 8 1 6 11 11 6 5 10 9 9 2 3 10 8 5 11 2 7 8 6 7 8 9 
Player 1
HAND 12 5
WIN no
DECK 13 6 3 3 4 1 12 3 4 13 1 0 13 1 12 2 9 0 2 7 10 12 0 7 4 4 5 8 1 6 11 11 6 5 10 9 9 2 3 10 8 5 11 2 7 8 6 7 8 9 11 
Player 2
HAND 10 13
WIN no
DECK 6 3 3 4 1 12 3 4 13 1 0 13 1 12 2 9 0 2 7 10 12 0 7 4 4 5 8 1 6 11 11 6 5 10 9 9 2 3 10 8 5 11 2 7 8 6 7 8 9 11 12 
DEALER EXITING
PLAYER 3 EXITING
PLAYER 1 EXITING
PLAYER 2 EXITING
using seed: 2

ROUND 1
Dealer turn
9 5 7 9 2 9 6 9 3 10 10 7 3 5 10 10 11 5 8 1 6 11 8 1 8 11 2 11 7 4 12 12 7 3 12 12 6 4 3 1 13 13 2 6 5 8 2 13 1 4 4 13 
Player 1
HAND 9 2
WIN no
DECK 9 6 9 3 10 10 7 3 5 10 10 11 5 8 1 6 11 8 1 8 11 2 11 7 4 12 12 7 3 12 12 6 4 3 1 13 13 2 6 5 8 2 13 1 4 4 13 0 0 0 0 
Player 2
HAND 5 9
WIN no
DECK 6 9 3 10 10 7 3 5 10 10 11 5 8 1 6 11 8 1 8 11 2 11 7 4 12 12 7 3 12 12 6 4 3 1 13 13 2 6 5 8 2 13 1 4 4 13 0 0 0 0 2 
Player 3
HAND 7 6
WIN no
DECK 9 3 10 10 7 3 5 10 10 11 5 8 1 6 11 8 1 8 11 2 11 7 4 12 12 7 3 12 12 6 4 3 1 13 13 2 6 5 8 2 13 1 4 4 13 0 0 0 0 2 5 

ROUND 2
Dealer turn
13 1 12 13 7 1 11 2 8 6 5 7 11 8 8 2 13 11 3 10 4 1 12 9 4 4 10 4 12 11 13 0 3 5 0 0 7 6 10 10 0 2 3 12 2 6 5 5 3 1 8 7 
Player 2
HAND 1 7
WIN no
DECK 1 11 2 8 6 5 7 11 8 8 2 13 11 3 10 4 1 12 9 4 4 10 4 12 11 13 0 3 5 0 0 7 6 10 10 0 2 3 12 2 6 5 5 3 1 8 7 9 9 6 9 
Player 3
HAND 12 1
WIN no
DECK 11 2 8 6 5 7 11 8 8 2 13 11 3 10 4 1 12 9 4 4 10 4 12 11 13 0 3 5 0 0 7 6 10 10 0 2 3 12 2 6 5 5 3 1 8 7 9 9 6 9 7 
Player 1
HAND 13 11
WIN no
DECK 2 8 6 5 7 11 8 8 2 13 11 3 10 4 1 12 9 4 4 10 4 12 11 13 0 3 5 0 0 7 6 10 10 0 2 3 12 2 6 5 5 3 1 8 7 9 9 6 9 7 12 

ROUND 3
Dealer turn
0 9 0 2 7 10 4 3 3 12 2 3 13 4 6 5 5 4 10 6 11 3 0 2 6 1 8 8 0 1 7 9 5 11 9 6 12 4 2 5 9 7 11 13 10 7 8 12 8 10 12 13 
Player 3
HAND 0 7
WIN no
DECK 10 4 3 3 12 2 3 13 4 6 5 5 4 10 6 11 3 0 2 6 1 8 8 0 1 7 9 5 11 9 6 12 4 2 5 9 7 11 13 10 7 8 12 8 10 12 13 11 1 1 13 
Player 1
HAND 0 10
WIN no
DECK 4 3 3 12 2 3 13 4 6 5 5 4 10 6 11 3 0 2 6 1 8 8 0 1 7 9 5 11 9 6 12 4 2 5 9 7 11 13 10 7 8 12 8 10 12 13 11 1 1 13 7 
Player 2
HAND 9 4
WIN no
DECK 3 3 12 2 3 13 4 6 5 5 4 10 6 11 3 0 2 6 1 8 8 0 1 7 9 5 11 9 6 12 4 2 5 9 7 11 13 10 7 8 12 8 10 12 13 11 1 1 13 7 0 
DEALER EXITING
PLAYER 3 EXITING
PLAYER 1 EXITING
PLAYER 2 EXITING
using seed: 3

ROUND 1
Dealer turn
5 3 7 9 6 9 10 10 5 1 10 10 5 11 11 11 1 8 2 4 7 11 1 12 3 6 7 4 12 2 3 7 4 2 8 12 3 12 5 1 9 4 8 13 6 13 6 8 2 13 9 13 
Player 1
HAND 5 6
WIN no
DECK 9 10 10 5 1 10 10 5 11 11 11 1 8 2 4 7 11 1 12 3 6 7 4 12 2 3 7 4 2 8 12 3 12 5 1 9 4 8 13 6 13 6 8 2 13 9 13 0 0 0 0 
Player 2
HAND 3 9
WIN no
DECK 10 10 5 1 10 10 5 11 11 11 1 8 2 4 7 11 1 12 3 6 7 4 12 2 3 7 4 2 8 12 3 12 5 1 9 4 8 13 6 13 6 8 2 13 9 13 0 0 0 0 5 
Player 3
HAND 7 10
WIN no
DECK 10 5 1 10 10 5 11 11 11 1 8 2 4 7 11 1 12 3 6 7 4 12 2 3 7 4 2 8 12 3 12 5 1 9 4 8 13 6 13 6 8 2 13 9 13 0 0 0 0 5 9 

ROUND 2
Dealer turn
12 1 7 4 4 8 13 6 6 5 13 6 7 8 2 13 10 12 5 4 8 9 1 13 8 2 2 11 0 11 2 4 7 11 12 0 11 0 3 10 1 1 3 0 12 5 3 5 10 9 9 7 
Player 2
HAND 1 4
WIN no
DECK 8 13 6 6 5 13 6 7 8 2 13 10 12 5 4 8 9 1 13 8 2 2 11 0 11 2 4 7 11 12 0 11 0 3 10 1 1 3 0 12 5 3 5 10 9 9 7 6 3 10 9 
Player 3
HAND 7 8
WIN no
DECK 13 6 6 5 13 6 7 8 2 13 10 12 5 4 8 9 1 13 8 2 2 11 0 11 2 4 7 11 12 0 11 0 3 10 1 1 3 0 12 5 3 5 10 9 9 7 6 3 10 9 1 
Player 1
HAND 12 13
WIN no
DECK 6 6 5 13 6 7 8 2 13 10 12 5 4 8 9 1 13 8 2 2 11 0 11 2 4 7 11 12 0 11 0 3 10 1 1 3 0 12 5 3 5 10 9 9 7 6 3 10 9 1 8 

ROUND 3
Dealer turn
13 10 4 1 11 3 0 12 2 6 5 3 2 5 10 9 13 0 7 4 12 9 5 7 12 11 11 9 6 2 5 7 8 8 0 3 13 10 8 6 10 1 11 9 0 1 2 3 6 8 1 12 
Player 3
HAND 4 11
WIN no
DECK 3 0 12 2 6 5 3 2 5 10 9 13 0 7 4 12 9 5 7 12 11 11 9 6 2 5 7 8 8 0 3 13 10 8 6 10 1 11 9 0 1 2 3 6 8 1 12 13 4 7 4 
Player 1
HAND 13 3
WIN no
DECK 0 12 2 6 5 3 2 5 10 9 13 0 7 4 12 9 5 7 12 11 11 9 6 2 5 7 8 8 0 3 13 10 8 6 10 1 11 9 0 1 2 3 6 8 1 12 13 4 7 4 4 
Player 2
HAND 10 0
WIN no
DECK 12 2 6 5 3 2 5 10 9 13 0 7 4 12 9 5 7 12 11 11 9 6 2 5 7 8 8 0 3 13 10 8 6 10 1 11 9 0 1 2 3 6 8 1 12 13 4 7 4 4 3 
DEALER EXITING
PLAYER 3 EXITING
PLAYER 1 EXITING
PLAYER 2 EXITING
using seed: 4

ROUND 1
Dealer turn
6 7 6 2 5 7 9 9 6 9 1 9 1 7 1 10 10 6 8 4 8 3 5 4 10 2 10 1 3 11 11 11 11 3 12 12 3 12 12 2 2 7 5 8 13 13 13 4 8 5 4 13 
Player 1
HAND 6 5
WIN no
DECK 7 9 9 6 9 1 9 1 7 1 10 10 6 8 4 8 3 5 4 10 2 10 1 3 11 11 11 11 3 12 12 3 12 12 2 2 7 5 8 13 13 13 4 8 5 4 13 0 0 0 0 
Player 2
HAND 7 7
WIN yes
DECK 9 9 6 9 1 9 1 7 1 10 10 6 8 4 8 3 5 4 10 2 10 1 3 11 11 11 11 3 12 12 3 12 12 2 2 7 5 8 13 13 13 4 8 5 4 13 0 0 0 0 5 

ROUND 2
Dealer turn
10 3 1 1 10 11 12 2 11 2 9 7 6 11 9 5 8 3 12 3 12 1 5 8 13 1 13 9 6 13 4 8 5 10 4 13 10 0 0 9 7 11 4 3 0 0 5 4 12 2 8 7 
Player 2
HAND 3 10
WIN no
DECK 11 12 2 11 2 9 7 6 11 9 5 8 3 12 3 12 1 5 8 13 1 13 9 6 13 4 8 5 10 4 13 10 0 0 9 7 11 4 3 0 0 5 4 12 2 8 7 6 7 6 2 
Player 3
HAND 1 11
WIN no
DECK 12 2 11 2 9 7 6 11 9 5 8 3 12 3 12 1 5 8 13 1 13 9 6 13 4 8 5 10 4 13 10 0 0 9 7 11 4 3 0 0 5 4 12 2 8 7 6 7 6 2 10 
Player 1
HAND 10 12
WIN no
DECK 2 11 2 9 7 6 11 9 5 8 3 12 3 12 1 5 8 13 1 13 9 6 13 4 8 5 10 4 13 10 0 0 9 7 11 4 3 0 0 5 4 12 2 8 7 6 7 6 2 10 11 

ROUND 3
Dealer turn
9 4 6 11 1 8 9 7 4 11 11 4 2 10 9 3 0 13 13 5 10 5 8 3 0 7 5 2 12 4 12 2 8 3 7 6 8 7 6 6 9 5 13 0 2 10 11 12 0 13 1 12 
Player 3
HAND 6 1
WIN no
DECK 8 9 7 4 11 11 4 2 10 9 3 0 13 13 5 10 5 8 3 0 7 5 2 12 4 12 2 8 3 7 6 8 7 6 6 9 5 13 0 2 10 11 12 0 13 1 12 10 3 1 1 
Player 1
HAND 9 8
WIN no
DECK 9 7 4 11 11 4 2 10 9 3 0 13 13 5 10 5 8 3 0 7 5 2 12 4 12 2 8 3 7 6 8 7 6 6 9 5 13 0 2 10 11 12 0 13 1 12 10 3 1 1 1 
Player 2
HAND 4 9
WIN no
DECK 7 4 11 11 4 2 10 9 3 0 13 13 5 10 5 8 3 0 7 5 2 12 4 12 2 8 3 7 6 8 7 6 6 9 5 13 0 2 10 11 12 0 13 1 12 10 3 1 1 1 8 
DEALER EXITING
PLAYER 3 EXITING
PLAYER 1 EXITING
PLAYER 2 EXITING
using seed: 5

ROUND 1
Dealer turn
6 7 9 5 6 8 9 4 5 2 7 6 5 3 1 9 3 3 6 9 2 10 2 4 10 10 1 10 11 5 1 11 11 11 8 12 4 8 12 12 7 12 13 13 8 13 1 3 4 2 7 13 
Player 1
HAND 6 6
WIN yes
DECK 8 9 4 5 2 7 6 5 3 1 9 3 3 6 9 2 10 2 4 10 10 1 10 11 5 1 11 11 11 8 12 4 8 12 12 7 12 13 13 8 13 1 3 4 2 7 13 0 0 0 0 

ROUND 2
Dealer turn
10 5 8 10 1 12 12 2 4 7 1 11 2 1 8 12 9 3 10 7 6 12 2 3 13 13 4 8 13 10 9 1 3 4 11 2 9 8 7 13 11 0 0 0 4 0 5 3 6 5 11 6 
Player 2
HAND 5 1
WIN no
DECK 12 12 2 4 7 1 11 2 1 8 12 9 3 10 7 6 12 2 3 13 13 4 8 13 10 9 1 3 4 11 2 9 8 7 13 11 0 0 0 4 0 5 3 6 5 11 6 6 7 9 5 
Player 3
HAND 8 12
WIN no
DECK 12 2 4 7 1 11 2 1 8 12 9 3 10 7 6 12 2 3 13 13 4 8 13 10 9 1 3 4 11 2 9 8 7 13 11 0 0 0 4 0 5 3 6 5 11 6 6 7 9 5 5 
Player 1
HAND 10 12
WIN no
DECK 2 4 7 1 11 2 1 8 12 9 3 10 7 6 12 2 3 13 13 4 8 13 10 9 1 3 4 11 2 9 8 7 13 11 0 0 0 4 0 5 3 6 5 11 6 6 7 9 5 5 12 

ROUND 3
Dealer turn
10 1 13 3 13 8 11 2 13 2 3 9 13 9 2 0 3 12 8 0 1 0 11 7 4 0 7 5 3 4 4 6 5 11 2 6 12 9 6 7 11 9 5 5 7 12 1 10 6 8 4 10 
Player 3
HAND 13 13
WIN yes
DECK 8 11 2 13 2 3 9 13 9 2 0 3 12 8 0 1 0 11 7 4 0 7 5 3 4 4 6 5 11 2 6 12 9 6 7 11 9 5 5 7 12 1 10 6 8 4 10 12 1 8 10 
DEALER EXITING
PLAYER 1 EXITING
PLAYER 2 EXITING
PLAYER 3 EXITING
